Left + 69 6:

Left Arm-------:  1 	 2 	 3 	 4 	 5 	 6 	 7 	

Current Angles :  180 15 110 15 90 15 110 15 120 15 100 15 40 15 3

Left Arm-------:  1 	 2 	 3 	 4 	 5 	 6 	 7 	

Current Angles :  180 15 110 15 90 15 110 15 80 15 100 15 40 15 3

Left Arm-------:  1 	 2 	 3 	 4 	 5 	 6 	 7 	

Current Angles :  180 15 115 15 87 15 110 15 80 15 100 15 40 15 3

Left Arm-------:  1 	 2 	 3 	 4 	 5 	 6 	 7 	

Current Angles :  180 15 118 15 87 15 110 15 80 15 100 15 40 15 3

Left Arm-------:  1 	 2 	 3 	 4 	 5 	 6 	 7 	

Current Angles :  180 15 118 15 84 15 110 15 80 15 100 15 40 15 3

Left Arm-------:  1 	 2 	 3 	 4 	 5 	 6 	 7 	

Current Angles :  180 15 118 15 80 15 110 15 80 15 100 15 40 15 3

Left Arm-------:  1 	 2 	 3 	 4 	 5 	 6 	 7 	

Current Angles :  180 15 118 15 80 15 110 15 80 15 100 15 95 15 3

Left Arm-------:  1 	 2 	 3 	 4 	 5 	 6 	 7 	

Current Angles :  180 15 88 15 80 15 110 15 80 15 100 15 95 15 3

Left Arm-------:  1 	 2 	 3 	 4 	 5 	 6 	 7 	

Current Angles :  180 15 88 15 140 15 110 15 80 15 100 15 95 15 3

Left Arm-------:  1 	 2 	 3 	 4 	 5 	 6 	 7

Current Angles :  0 15 88 15 140 15 110 15 80 15 100 15 95 15 3

Left Arm-------:  1 	 2 	 3 	 4 	 5 	 6 	 7 	

Current Angles :  0 15 88 15 140 15 110 15 80 15 0 15 95 15 3

Left Arm-------:  1 	 2 	 3 	 4 	 5 	 6 	 7 	

Current Angles :  0 15 88 15 140 15 110 15 130 15 0 15 95 15 3

Left Arm-------:  1 	 2 	 3 	 4 	 5 	 6 	 7 	

Current Angles :  0 15 88 15 112 15 110 15 130 15 0 15 95 15 3

Stir:

Left Arm-------:  1 	 2 	 3 	 4 	 5 	 6 	 7 	

Current Angles :  0 15 88 15 112 15 130 15 130 15 0 15 95 15 3

Left Arm-------:  1 	 2 	 3 	 4 	 5 	 6 	 7 	

Current Angles :  0 15 88 15 112 15 90 15 130 15 0 15 95 15 3

Left Arm-------:  1 	 2 	 3 	 4 	 5 	 6 	 7 	

Current Angles :  0 15 88 15 112 15 130 15 130 15 0 15 95 15 3

Left Arm-------:  1 	 2 	 3 	 4 	 5 	 6 	 7 	

Current Angles :  0 15 88 15 112 15 90 15 130 15 0 15 95 15 3


PLACE:

Left Arm-------:  1 	 2 	 3 	 4 	 5 	 6 	 7 	

Current Angles :  0 15 88 15 142 15 110 15 130 15 0 15 95 15 3

Left Arm-------:  1 	 2 	 3 	 4 	 5 	 6 	 7 	

Current Angles :  180 15 88 15 142 15 110 15 130 15 100 15 95 15 3

Left Arm-------:  1 	 2 	 3 	 4 	 5 	 6 	 7 	

Current Angles :  180 15 83 15 80 15 110 15 130 15 100 15 95 15 3

Left Arm-------:  1 	 2 	 3 	 4 	 5 	 6 	 7 	

Current Angles :  180 15 83 15 80 15 110 15 110 15 100 15 95 15 3

Left Arm-------:  1 	 2 	 3 	 4 	 5 	 6 	 7 	

Current Angles :  180 15 104 15 80 15 110 15 110 15 100 15 95 15 3

Left Arm-------:  1 	 2 	 3 	 4 	 5 	 6 	 7 	

Current Angles :  180 15 104 15 80 15 110 15 105 15 100 15 40 15 3 

Left Arm-------:  1 	 2 	 3 	 4 	 5 	 6 	 7 	

Current Angles :  180 15 99 15 130 15 110 15 105 15 100 15 40 15 3

Left Arm-------:  1 	 2 	 3 	 4 	 5 	 6 	 7 	

Current Angles :  0 15 99 15 130 15 110 15 105 15 100 15 40 15 3

