Right + 5 2
:PICK:0 15 95 15 102 15 105 15 160 15 0 15 40 15 3
179 15 95 15 82 15 105 15 160 15 0 15 40 15 3
179 15 95 15 82 15 105 15 160 15 0 15 65 15 3
179 15 95 15 102 20 105 15 160 15 0 15 65 15 3
179 15 55 20 102 15 105 15 160 15 0 15 65 15 3
Right + 55 4
:POUR:59 20 75 20 102 20 105 20 140 20 0 20 65 20 3
35 20 75 20 102 20 105 20 140 20 95 20 65 20 3
35 20 75 20 102 20 105 20 140 20 100 20 65 20 3
179 20 55 20 102 20 105 20 140 20 0 20 65 20 3
Right - 55 4
:PLACE:179 20 95 20 102 20 105 20 160 20 0 20 65 20 3
179 20 95 20 82 20 105 20 160 20 0 20 65 20 3
179 20 95 20 82 20 105 20 160 20 0 20 40 20 3
179 20 95 20 102 20 105 20 160 20 0 20 40 20 3
0 20 55 20 102 20 105 20 160 20 0 20 40 20 3
Home_Right 2


